X1 = [6,-2,2,4,16];
X2 = [12,-8,6,10,26];
X3 = [3,-13,9,3,-14];
X4 = [-6,4,1,-18,-34];

%Frontwards phase
X2 = X2 - X2(1)/X1(1)*X1; X3 = X3 - X3(1)/X1(1)*X1; X4 = X4 - X4(1)/X1(1)*X1;
X3 = X3-X3(2)/X2(2)*X2; X4 = X4-X4(2)/X2(2)*X2; 
X4 = X4- X4(3)/X3(3)*X3;

%Backwards phase

a4 = X4(5)/X4(4)
a3 = (X3(5)-X3(4)*a4)/X3(3)
a2 = (X2(5) -X2(4)*a4 -X2(3)*a3)/X2(2)
a4 = (X1(5) - X1(4)*a4 - X1(3)*a3 - X1(2)*a2)/X1(1)

